#Temps	EA1

-1.08E-5	4.99064606335014
-1.04E-5	4.98565591685474
-1E-5	4.98565591685474
-9.6E-6	4.98565591685474
-9.2E-6	4.98565591685474
-8.8E-6	4.99064606335014
-8.4E-6	4.97068547736853
-8E-6	4.92078401241452
-7.6E-6	4.86090225446969
-7.2E-6	4.77606976404786
-6.8E-6	4.65630624815822
-6.4E-6	4.50161170680076
-6E-6	4.31198613997549
-5.6E-6	4.09241969417781
-5.2E-6	3.84291236940771
-4.8E-6	3.57344445865601
-4.4E-6	3.2740356689319
-4E-6	2.95466629322618
-3.6E-6	2.61533633153886
-3.2E-6	2.26602607686073
-2.8E-6	1.90174538269639
-2.4E-6	1.52748439554125
-2E-6	1.14823326189071
-1.6E-6	0.763991981744766
-1.2E-6	0.379750701598823
-8E-7	0.000499567948281765
-4E-7	-0.373761419206858
0	-0.738042113371193
4E-7	-1.09733266104013
8E-7	-1.43666262272745
1.2E-6	-1.76102214492857
1.6E-6	-2.07041122764349
2E-6	-2.3598397243768
2.4E-6	-2.6243174886331
2.8E-6	-2.86384452041239
3.2E-6	-3.08341096621007
3.6E-6	-3.27303653303534
4E-6	-3.4327212208882
4.4E-6	-3.56745517626405
4.8E-6	-3.67224825266749
5.2E-6	-3.74710045009851
5.6E-6	-3.79700191505253
6E-6	-3.80698220804334
6.4E-6	-3.80698220804334
6.8E-6	-3.76706103608012
7.2E-6	-3.7021891316399
7.6E-6	-3.60737634822726
8E-6	-3.48761283233762
8.4E-6	-3.34289858397096
8.8E-6	-3.1782237496227
9.2E-6	-2.98859818279743
9.6E-6	-2.78400217648596
1E-5	-2.55445543769747
1.04E-5	-2.31991855241358
1.08E-5	-2.06043093465269
1.12E-5	-1.79096302390099
1.16E-5	-1.52149511314929
1.2E-5	-1.23705676291138
1.24E-5	-0.947628266178072
1.28E-5	-0.658199769444764
1.32E-5	-0.363781126216054
1.36E-5	-0.0743526294827461
1.4E-5	0.21008572075516
1.44E-5	0.489533924497664
1.48E-5	0.763991981744766
1.52E-5	1.02347959950566
1.56E-5	1.27298692427576
1.6E-5	1.51251395605505
1.64E-5	1.73208040185273
1.68E-5	1.9366764081642
1.72E-5	2.12131182849407
1.76E-5	2.29097680933774
1.8E-5	2.44068120419979
1.84E-5	2.56044472008944
1.88E-5	2.67022794298828
1.92E-5	2.75007028691471
1.96E-5	2.80995204485953
2E-5	2.85486336331815
2.04E-5	2.86484365630895
2.08E-5	2.85985350981355
2.12E-5	2.82991263084114
2.16E-5	2.78500131238252
2.2E-5	2.71513926144689
2.24E-5	2.62531662452966
2.28E-5	2.51553340163082
2.32E-5	2.39576988574117
2.36E-5	2.25105563737452
2.4E-5	2.09636109601706
2.44E-5	1.9266961151734
2.48E-5	1.74206069484353
2.52E-5	1.55243512801826
2.56E-5	1.35282926820219
2.6E-5	1.14324311539531
2.64E-5	0.933656962588429
2.68E-5	0.709100370295346
2.72E-5	0.494524070993066
2.76E-5	0.274957625195384
2.8E-5	0.0553911793977022
2.84E-5	-0.159185119904578
2.88E-5	-0.368771272711456
2.92E-5	-0.573367279022932
2.96E-5	-0.767982992343605
3E-5	-0.952618412673473
3.04E-5	-1.13226368650794
3.08E-5	-1.2969385208562
3.12E-5	-1.45662320870906
3.16E-5	-1.59135716408491
3.2E-5	-1.72110097296536
3.24E-5	-1.8308841958642
3.28E-5	-1.92569697927684
3.32E-5	-2.00553932320327
3.36E-5	-2.07041122764349
3.4E-5	-2.11532254610211
3.44E-5	-2.14526342507452
3.48E-5	-2.15524371806532
3.52E-5	-2.15524371806532
3.56E-5	-2.13528313208371
3.6E-5	-2.0953619601205
3.64E-5	-2.05045064166188
3.68E-5	-1.98058859072626
3.72E-5	-1.90074624679983
3.76E-5	-1.81092360988259
3.8E-5	-1.70613053347915
3.84E-5	-1.58636701758951
3.88E-5	-1.46161335520446
3.92E-5	-1.32687939982861
3.96E-5	-1.18216515146196
4E-5	-1.0324607565999
4.04E-5	-0.877766215242445
4.08E-5	-0.718081527389586
4.12E-5	-0.553406693041325
4.16E-5	-0.388731858693063
4.2E-5	-0.224057024344802
4.24E-5	-0.0593821899965405
4.28E-5	0.100302497856319
4.32E-5	0.259987185709178
4.36E-5	0.414681727066636
4.4E-5	0.564386121928692
4.44E-5	0.714090516790748
4.48E-5	0.838844179175794
4.52E-5	0.968587988056242
4.56E-5	1.08835150394589
4.6E-5	1.19314458034933
4.64E-5	1.28795736376196
4.68E-5	1.37278985418379
4.72E-5	1.44764205161482
4.76E-5	1.50752380955964
4.8E-5	1.55742527451366
4.84E-5	1.59235629998147
4.88E-5	1.61730703245848
4.92E-5	1.62728732544929
4.96E-5	1.62229717895389
5E-5	1.60732673946768
5.04E-5	1.58237600699067
5.08E-5	1.54245483502746
5.12E-5	1.49255337007344
5.16E-5	1.43766175862402
5.2E-5	1.36779970768839
5.24E-5	1.28795736376196
5.28E-5	1.19813472684473
5.32E-5	1.10831208992749
5.36E-5	1.00351901352406
5.4E-5	0.893735790625215
5.44E-5	0.783952567726374
5.48E-5	0.664189051836729
5.52E-5	0.544425535947084
5.56E-5	0.42466202005744
5.6E-5	0.294918211176991
5.64E-5	0.175154695287347
5.68E-5	0.0504010329023004
5.72E-5	-0.0743526294827461
5.76E-5	-0.189125998876989
5.8E-5	-0.308889514766634
5.84E-5	-0.423662884160876
5.88E-5	-0.528455960564315
5.92E-5	-0.628258890472353
5.96E-5	-0.723071673884988
6E-5	-0.812894310802221
6.04E-5	-0.892736654728651
6.08E-5	-0.967588852159679
6.12E-5	-1.0324607565999
6.16E-5	-1.08236222155392
6.2E-5	-1.13226368650794
6.24E-5	-1.16719471197575
6.28E-5	-1.19713559094816
6.32E-5	-1.21210603043437
6.36E-5	-1.22208632342517
6.4E-5	-1.22208632342517
6.44E-5	-1.21210603043437
6.48E-5	-1.18715529795736
6.52E-5	-1.16719471197575
6.56E-5	-1.12727354001254
6.6E-5	-1.08236222155392
6.64E-5	-1.0324607565999
6.68E-5	-0.972578998655081
6.72E-5	-0.912697240710258
6.76E-5	-0.837845043279231
6.8E-5	-0.762992845848203
6.84E-5	-0.678160355426371
6.88E-5	-0.59332786500454
6.92E-5	-0.503505228087306
6.96E-5	-0.413682591170073
7E-5	-0.323859954252839
7.04E-5	-0.234037317335606
7.08E-5	-0.134234387427568
7.12E-5	-0.044411750510335
7.16E-5	0.0504010329023004
7.2E-5	0.140223669819534
7.24E-5	0.230046306736767
7.28E-5	0.309888650663197
7.32E-5	0.394721141085029
7.36E-5	0.464583192020655
7.4E-5	0.539435389451683
7.44E-5	0.604307293891907
7.48E-5	0.669179198332131
7.52E-5	0.724070809781551
7.56E-5	0.768982128240168
7.6E-5	0.813893446698785
7.64E-5	0.848824472166598
7.68E-5	0.878765351139009
7.72E-5	0.898725937120616
7.76E-5	0.90870623011142
7.8E-5	0.918686523102224
7.84E-5	0.918686523102224
7.88E-5	0.90870623011142
7.92E-5	0.898725937120616
7.96E-5	0.873775204643607
8E-5	0.853814618662
8.04E-5	0.818883593194187
8.08E-5	0.778962421230972
8.12E-5	0.734051102772355
8.16E-5	0.684149637818337
8.2E-5	0.634248172864318
8.24E-5	0.574366414919496
8.28E-5	0.514484656974673
8.32E-5	0.449612752534449
8.36E-5	0.384740848094225
8.4E-5	0.319868943654001
8.44E-5	0.245016746222973
8.48E-5	0.175154695287347
8.52E-5	0.105292644351721
8.56E-5	0.0354305934160948
8.6E-5	-0.0344314575195313
8.64E-5	-0.0993033619597554
8.68E-5	-0.16417526639998
8.72E-5	-0.234037317335606
8.76E-5	-0.293919075280428
8.8E-5	-0.348810686729848
8.84E-5	-0.403702298179269
8.88E-5	-0.453603763133287
8.92E-5	-0.498515081591904
8.96E-5	-0.543426400050521
9E-5	-0.573367279022932
9.04E-5	-0.608298304490745
9.08E-5	-0.633249036967754
9.12E-5	-0.658199769444764
9.16E-5	-0.678160355426371
9.2E-5	-0.683150501921773
9.24E-5	-0.693130794912577
9.28E-5	-0.693130794912577
9.32E-5	-0.683150501921773
9.36E-5	-0.678160355426371
9.4E-5	-0.658199769444764
9.44E-5	-0.643229329958558
9.48E-5	-0.618278597481549
9.52E-5	-0.588337718509138
9.56E-5	-0.558396839536726
9.6E-5	-0.518475667573512
9.64E-5	-0.478554495610297
9.68E-5	-0.438633323647082
9.72E-5	-0.393722005188465
9.76E-5	-0.338830393739045
9.8E-5	-0.293919075280428
9.84E-5	-0.244017610326409
9.88E-5	-0.189125998876989
9.92E-5	-0.13922453392297
9.96E-5	-0.0843329224735498
0.0001	-0.0294413110241294
0.0001004	0.0204601539298892
0.0001008	0.0703616188839078
0.0001012	0.120263083837926
0.0001016	0.170164548791945
0.000102	0.215075867250562
0.0001024	0.259987185709178
0.0001028	0.299908357672393
0.0001032	0.339829529635608
0.0001036	0.374760555103421
0.000104	0.404701434075832
0.0001044	0.434642313048244
0.0001048	0.459593045525253
0.0001052	0.469573338516057
0.0001056	0.494524070993066
0.000106	0.509494510479271
0.0001064	0.514484656974673
0.0001068	0.519474803470075
0.0001072	0.519474803470075
0.0001076	0.524464949965477
0.000108	0.50450436398387
0.0001084	0.499514217488468
0.0001088	0.484543778002262
0.0001092	0.464583192020655
0.0001096	0.444622606039047
0.00011	0.419671873562038
0.0001104	0.394721141085029
0.0001108	0.364780262112617
0.0001112	0.329849236644804
0.0001116	0.294918211176991
0.000112	0.259987185709178
0.0001124	0.225056160241365
0.0001128	0.185134988278151
0.0001132	0.145213816314936
0.0001136	0.105292644351721
0.000114	0.0653714723885059
0.0001144	0.0254503004252911
0.0001148	-0.00948072504252195
0.0001152	-0.0543920435011387
0.0001156	-0.0893230689689517
0.000116	-0.124254094436765
0.0001164	-0.16417526639998
0.0001168	-0.194116145372391
0.0001172	-0.224057024344802
0.0001176	-0.253997903317213
0.000118	-0.278948635794222
0.0001184	-0.303899368271232
0.0001188	-0.323859954252839
0.0001192	-0.343820540234447
0.0001196	-0.358790979720652
0.00012	-0.373761419206858
0.0001204	-0.383741712197661
0.0001208	-0.388731858693063
0.0001212	-0.393722005188465
0.0001216	-0.393722005188465
0.000122	-0.388731858693063
0.0001224	-0.383741712197661
0.0001228	-0.37875156570226
0.0001232	-0.363781126216054
0.0001236	-0.35380083322525
0.000124	-0.333840247243643
0.0001244	-0.318869807757437
0.0001248	-0.293919075280428
0.0001252	-0.27395848929882
0.0001256	-0.244017610326409
0.000126	-0.229047170840204
0.0001264	-0.199106291867793
0.0001268	-0.169165412895381
0.0001272	-0.13922453392297
0.0001276	-0.114273801445961
0.000128	-0.079342775978148
0.0001284	-0.0494018970057368
0.0001288	-0.0194610180333257
0.0001292	0.00548971444368362
0.0001296	0.0354305934160948
0.00013	0.0703616188839078
0.0001304	0.0953123513609171
0.0001308	0.120263083837926
0.0001312	0.145213816314936
0.0001316	0.170164548791945
0.000132	0.190125134773552
0.0001324	0.21008572075516
0.0001328	0.230046306736767
0.0001332	0.245016746222973
0.0001336	0.259987185709178
0.000134	0.269967478699982
0.0001344	0.279947771690786
0.0001348	0.28992806468159
0.0001352	0.294918211176991
0.0001356	0.294918211176991
0.000136	0.294918211176991
0.0001364	0.294918211176991
0.0001368	0.28992806468159
0.0001372	0.284937918186188
0.0001376	0.269967478699982
0.000138	0.26497733220458
0.0001384	0.250006892718375
0.0001388	0.240026599727571
0.0001392	0.225056160241365
0.0001396	0.21008572075516
0.00014	0.190125134773552
0.0001404	0.175154695287347
0.0001408	0.150203962810338
0.0001412	0.13024337682873
0.0001416	0.105292644351721
0.000142	0.0853320583701134
0.0001424	0.0653714723885059
0.0001428	0.0404207399114966
0.0001432	0.0154700074344873
0.0001436	-0.00449057854712009
0.000144	-0.0244511645287275
0.0001444	-0.0494018970057368
0.0001448	-0.0693624829873443
0.0001452	-0.0893230689689517
0.0001456	-0.109283654950559
0.000146	-0.119263947941363
0.0001464	-0.144214680418372
0.0001468	-0.154194973409176
0.0001472	-0.169165412895381
0.0001476	-0.184135852381587
0.000148	-0.194116145372391
0.0001484	-0.204096438363194
0.0001488	-0.204096438363194
0.0001492	-0.214076731353998
0.0001496	-0.2190668778494
0.00015	-0.224057024344802
0.0001504	-0.224057024344802
0.0001508	-0.2190668778494
0.0001512	-0.2190668778494
0.0001516	-0.214076731353998
0.000152	-0.209086584858596
0.0001524	-0.204096438363194
0.0001528	-0.189125998876989
0.0001532	-0.179145705886185
0.0001536	-0.169165412895381
0.000154	-0.159185119904578
0.0001544	-0.144214680418372
0.0001548	-0.129244240932167
0.0001552	-0.114273801445961
0.0001556	-0.0993033619597554
0.000156	-0.0843329224735498
0.0001564	-0.0643723364919424
0.0001568	-0.0494018970057368
0.0001572	-0.0294413110241294
0.0001576	-0.0144708715379238
0.000158	0.000499567948281765
0.0001584	0.0154700074344873
0.0001588	0.0354305934160948
0.0001592	0.0504010329023004
0.0001596	0.0653714723885059
0.00016	0.0803419118747115
0.0001604	0.0953123513609171
0.0001608	0.105292644351721
0.0001612	0.115272937342525
0.0001616	0.13024337682873
0.000162	0.135233523324132
0.0001624	0.145213816314936
0.0001628	0.155194109305739
0.0001632	0.155194109305739
0.0001636	0.165174402296543
0.000164	0.165174402296543
0.0001644	0.165174402296543
0.0001648	0.170164548791945
0.0001652	0.165174402296543
0.0001656	0.165174402296543
0.000166	0.160184255801141
0.0001664	0.150203962810338
0.0001668	0.150203962810338
0.0001672	0.145213816314936
0.0001676	0.135233523324132
0.000168	0.125253230333328
0.0001684	0.120263083837926
0.0001688	0.105292644351721
0.0001692	0.100302497856319
0.0001696	0.0853320583701134
0.00017	0.0753517653793097
0.0001704	0.0603813258931041
0.0001708	0.0504010329023004
0.0001712	0.0354305934160948
0.0001716	0.0254503004252911
0.000172	0.0154700074344873
0.0001724	0.000499567948281765
0.0001728	-0.0144708715379238
0.0001732	-0.0244511645287275
0.0001736	-0.0344314575195313
0.000174	-0.0494018970057368
0.0001744	-0.0593821899965405
0.0001748	-0.0693624829873443
0.0001752	-0.079342775978148
0.0001756	-0.0893230689689517
0.000176	-0.0943132154643536
0.0001764	-0.0993033619597554
0.0001768	-0.109283654950559
0.0001772	-0.114273801445961
0.0001776	-0.119263947941363
0.000178	-0.124254094436765
0.0001784	-0.124254094436765
0.0001788	-0.124254094436765
0.0001792	-0.124254094436765
0.0001796	-0.124254094436765
0.00018	-0.124254094436765
0.0001804	-0.124254094436765
0.0001808	-0.119263947941363
0.0001812	-0.114273801445961
0.0001816	-0.109283654950559
0.000182	-0.0993033619597554
0.0001824	-0.0993033619597554
0.0001828	-0.0893230689689517
0.0001832	-0.0843329224735498
0.0001836	-0.0743526294827461
0.000184	-0.0643723364919424
0.0001844	-0.0593821899965405
0.0001848	-0.0494018970057368
0.0001852	-0.0394216040149331
0.0001856	-0.0294413110241294
0.000186	-0.0194610180333257
0.0001864	-0.00948072504252195
0.0001868	-0.00449057854712009
0.0001872	0.0104798609390855
0.0001876	0.0154700074344873
0.000188	0.0254503004252911
0.0001884	0.0354305934160948
0.0001888	0.0404207399114966
0.0001892	0.0504010329023004
0.0001896	0.0603813258931041
0.00019	0.0653714723885059
0.0001904	0.0703616188839078
0.0001908	0.0753517653793097
0.0001912	0.0803419118747115
0.0001916	0.0853320583701134
0.000192	0.0903222048655152
0.0001924	0.0953123513609171
0.0001928	0.0953123513609171
0.0001932	0.0953123513609171
0.0001936	0.0953123513609171
0.000194	0.0953123513609171
0.0001944	0.0903222048655152
0.0001948	0.0903222048655152
0.0001952	0.0903222048655152
0.0001956	0.0903222048655152
0.000196	0.0803419118747115
0.0001964	0.0803419118747115
0.0001968	0.0753517653793097
0.0001972	0.0703616188839078
0.0001976	0.0653714723885059
0.000198	0.0553911793977022
0.0001984	0.0504010329023004
0.0001988	0.0454108864068985
0.0001992	0.0354305934160948
0.0001996	0.0304404469206929
0.0002	0.0204601539298892
0.0002004	0.0154700074344873
0.0002008	0.00548971444368362
0.0002012	0.000499567948281765
0.0002016	-0.00449057854712009
0.000202	-0.0144708715379238
0.0002024	-0.0194610180333257
0.0002028	-0.0244511645287275
0.0002032	-0.0294413110241294
0.0002036	-0.044411750510335
0.000204	-0.044411750510335
0.0002044	-0.0494018970057368
0.0002048	-0.0543920435011387
0.0002052	-0.0593821899965405
0.0002056	-0.0643723364919424
0.000206	-0.0643723364919424
0.0002064	-0.0643723364919424
0.0002068	-0.0693624829873443
0.0002072	-0.0743526294827461
0.0002076	-0.0693624829873443
0.000208	-0.0693624829873443
0.0002084	-0.0693624829873443
0.0002088	-0.0693624829873443
0.0002092	-0.0693624829873443
0.0002096	-0.0643723364919424
0.00021	-0.0643723364919424
0.0002104	-0.0643723364919424
0.0002108	-0.0593821899965405
0.0002112	-0.0543920435011387
0.0002116	-0.0543920435011387
0.000212	-0.044411750510335
0.0002124	-0.044411750510335
0.0002128	-0.0394216040149331
0.0002132	-0.0344314575195313
0.0002136	-0.0244511645287275
0.000214	-0.0244511645287275
0.0002144	-0.0144708715379238
0.0002148	-0.00948072504252195
0.0002152	-0.00449057854712009
0.0002156	0.000499567948281765
0.000216	0.00548971444368362
0.0002164	0.0104798609390855
0.0002168	0.0154700074344873
0.0002172	0.0204601539298892
0.0002176	0.0254503004252911
0.000218	0.0304404469206929
0.0002184	0.0354305934160948
0.0002188	0.0354305934160948
0.0002192	0.0404207399114966
0.0002196	0.0404207399114966
0.00022	0.0454108864068985
0.0002204	0.0504010329023004
0.0002208	0.0504010329023004
0.0002212	0.0504010329023004
0.0002216	0.0553911793977022
0.000222	0.0504010329023004
0.0002224	0.0553911793977022
0.0002228	0.0553911793977022
0.0002232	0.0504010329023004
0.0002236	0.0553911793977022
0.000224	0.0504010329023004
0.0002244	0.0454108864068985
0.0002248	0.0454108864068985
0.0002252	0.0454108864068985
0.0002256	0.0404207399114966
0.000226	0.0404207399114966
0.0002264	0.0354305934160948
0.0002268	0.0354305934160948
0.0002272	0.0304404469206929
0.0002276	0.0204601539298892
0.000228	0.0204601539298892
0.0002284	0.0154700074344873
0.0002288	0.0104798609390855
0.0002292	0.0104798609390855
0.0002296	0.00548971444368362
0.00023	0.00548971444368362
0.0002304	-0.00449057854712009
0.0002308	-0.00948072504252195
0.0002312	-0.00948072504252195
0.0002316	-0.0144708715379238
0.000232	-0.0194610180333257
0.0002324	-0.0244511645287275
0.0002328	-0.0244511645287275
0.0002332	-0.0244511645287275
0.0002336	-0.0294413110241294
0.000234	-0.0294413110241294
0.0002344	-0.0344314575195313
0.0002348	-0.0344314575195313
0.0002352	-0.0394216040149331
0.0002356	-0.0394216040149331
0.000236	-0.044411750510335
0.0002364	-0.0394216040149331
0.0002368	-0.0394216040149331
0.0002372	-0.0394216040149331
0.0002376	-0.0394216040149331
0.000238	-0.0394216040149331
0.0002384	-0.0394216040149331
0.0002388	-0.0394216040149331
0.0002392	-0.0344314575195313
0.0002396	-0.0344314575195313
0.00024	-0.0294413110241294
0.0002404	-0.0294413110241294
0.0002408	-0.0244511645287275
0.0002412	-0.0244511645287275
0.0002416	-0.0244511645287275
0.000242	-0.0194610180333257
0.0002424	-0.0144708715379238
0.0002428	-0.0144708715379238
0.0002432	-0.00948072504252195
0.0002436	-0.00948072504252195
0.000244	-0.00449057854712009
0.0002444	0.000499567948281765
0.0002448	0.000499567948281765
0.0002452	0.00548971444368362
0.0002456	0.00548971444368362
0.000246	0.0104798609390855
0.0002464	0.0154700074344873
0.0002468	0.0154700074344873
0.0002472	0.0154700074344873
0.0002476	0.0204601539298892
0.000248	0.0204601539298892
0.0002484	0.0254503004252911
0.0002488	0.0254503004252911
0.0002492	0.0254503004252911
0.0002496	0.0254503004252911
0.00025	0.0304404469206929
0.0002504	0.0354305934160948
0.0002508	0.0254503004252911
0.0002512	0.0304404469206929
0.0002516	0.0304404469206929
0.000252	0.0304404469206929
0.0002524	0.0304404469206929
0.0002528	0.0254503004252911
0.0002532	0.0304404469206929
0.0002536	0.0254503004252911
0.000254	0.0254503004252911
0.0002544	0.0254503004252911
0.0002548	0.0204601539298892
0.0002552	0.0204601539298892
0.0002556	0.0154700074344873
0.000256	0.0154700074344873
0.0002564	0.0154700074344873
0.0002568	0.0104798609390855
0.0002572	0.0104798609390855
0.0002576	0.0104798609390855
0.000258	0.00548971444368362
0.0002584	0.000499567948281765
0.0002588	0.000499567948281765
0.0002592	-0.00449057854712009
0.0002596	-0.00449057854712009
0.00026	-0.00449057854712009
0.0002604	-0.00948072504252195
0.0002608	-0.00948072504252195
0.0002612	-0.0144708715379238
0.0002616	-0.0144708715379238
0.000262	-0.0144708715379238
0.0002624	-0.0194610180333257
0.0002628	-0.0194610180333257
0.0002632	-0.0194610180333257
0.0002636	-0.0194610180333257
0.000264	-0.0194610180333257
0.0002644	-0.0244511645287275
0.0002648	-0.0244511645287275
0.0002652	-0.0244511645287275
0.0002656	-0.0244511645287275
0.000266	-0.0244511645287275
0.0002664	-0.0194610180333257
0.0002668	-0.0244511645287275
0.0002672	-0.0244511645287275
0.0002676	-0.0194610180333257
0.000268	-0.0194610180333257
0.0002684	-0.0144708715379238
0.0002688	-0.0194610180333257
0.0002692	-0.0194610180333257
0.0002696	-0.0144708715379238
0.00027	-0.0144708715379238
0.0002704	-0.0144708715379238
0.0002708	-0.0144708715379238
0.0002712	-0.00948072504252195
0.0002716	-0.00948072504252195
0.000272	-0.00449057854712009
0.0002724	-0.00449057854712009
0.0002728	-0.00449057854712009
0.0002732	0.000499567948281765
0.0002736	0.000499567948281765
0.000274	0.000499567948281765
0.0002744	0.00548971444368362
0.0002748	0.00548971444368362
0.0002752	0.0104798609390855
0.0002756	0.0104798609390855
0.000276	0.0104798609390855
0.0002764	0.0154700074344873
0.0002768	0.0154700074344873
0.0002772	0.0154700074344873
0.0002776	0.0154700074344873
0.000278	0.0154700074344873
0.0002784	0.0154700074344873
0.0002788	0.0154700074344873
0.0002792	0.0154700074344873
0.0002796	0.0154700074344873
0.00028	0.0154700074344873
0.0002804	0.0154700074344873
0.0002808	0.0154700074344873
0.0002812	0.0154700074344873
0.0002816	0.0204601539298892
0.000282	0.0154700074344873
0.0002824	0.0204601539298892
0.0002828	0.0154700074344873
0.0002832	0.0154700074344873
0.0002836	0.0154700074344873
0.000284	0.0104798609390855
0.0002844	0.0104798609390855
